((("cd" .
   [1 0])
  ("setq" .
   [1 0 0 0])
  ("Structure" .
   [0 0 0 0 1 0 0 0 0])
  ("int" .
   [14 0 2])
  ("double" .
   [4 0 0 1 2 0])
  ("long" .
   [2 0 6 1])
  ("unsigned" .
   [0 0 1 0 2 0 0 1])
  ("time" .
   [4 0 0 0])
  ("argc" .
   [1 0 0 0])
  ("mode" .
   [14 0 0 1])
  ("step" .
   [16 0 0 1])
  ("argv" .
   [1 0 0 1])
  ("fprintf" .
   [1 0 0 2 1 0 0])
  ("exit" .
   [2 0 0 0])
  ("sscanf" .
   [0 0 0 0 0 1])
  ("stderr" .
   [2 0 0 0 0 0])
  ("lp_time" .
   [0 0 2 0 0 0 0])
  ("rdtsc" .
   [0 0 7 0 0])
  ("for" .
   [4 0 0])
  ("sum" .
   [11 0 0])
  ("array" .
   [4 0 0 0 1])
  ("start" .
   [3 0 0 0 0])
  ("end" .
   [3 0 0])
  ("else" .
   [2 0 0 0])
  ("0" .
   [1])
  ("rsum" .
   [0 0 0 1])
  ("return" .
   [0 0 0 1 0 0])
  ("immlib" .
   [1 0 0 0 0 0])))
